10 10
10.0 10.0 10.0 10.0 10.0 10.0 10.0 10.0 10.0 10.0
10.0 20.5 20.5 20.5 20.5 20.5 20.5 20.5 20.5 10.0
10.0 20.5 30.1 30.1 30.1 30.1 30.1 30.1 20.5 10.0
10.0 20.5 30.1 40.8 40.8 40.8 40.8 30.1 20.5 10.0
10.0 20.5 30.1 40.8 50.2 50.2 40.8 30.1 20.5 10.0
10.0 20.5 30.1 40.8 50.2 99.9 40.8 30.1 20.5 10.0
10.0 20.5 30.1 40.8 40.8 40.8 40.8 30.1 20.5 10.0
10.0 20.5 30.1 30.1 30.1 30.1 30.1 30.1 20.5 10.0
10.0 20.5 20.5 20.5 20.5 20.5 20.5 20.5 20.5 10.0
10.0 10.0 10.0 10.0 10.0 10.0 10.0 10.0 10.0 10.0
